222372
8
4 5 5 6 2 2 4 9
22
17 14
WWWWWWWWWWWWWW
W____________W
W_O_OOO___O__W
W__O__OO__O__W
W____OO___O__W
W________O___W
W_______OOO__W
W____________W
W_______OO_O_W
WO__O__O___O_W
W__O_O_____O_W
W_OOOOO____O_W
W_____O____O_W
W_____O____O_W
W_____O____O_W
W____________W
WWWWWWWWWWWWWW
2
0 2 3
1 15 3
18
0 1 5
1 1 4
2 1 6
3 3 2
4 12 2
5 4 2
6 1 8
7 1 7
8 14 2
9 13 2
10 2 7
11 1 2
12 3 1
13 1 3
14 4 3
15 1 10
16 15 11
17 6 12
8
5 3
6 1
6 2
6 4
7 1
7 4
8 5
14 7
0 0 0 2 0 1 0 0
22
17 14
WWWWWWWWWWWWWW
W____________W
W_O_OOO___O__W
W__O__OO__O__W
W____OO___O__W
W________O___W
W_______OOO__W
W____________W
W_______OO_O_W
WO__O__O___O_W
W__O_O_____O_W
W_OOOOO____O_W
W_____O____O_W
W_____O____O_W
W_____O____O_W
W____________W
WWWWWWWWWWWWWW
2
0 2 3
1 15 3
18
0 1 5
1 1 4
2 1 6
3 3 2
4 12 2
5 4 2
6 1 8
7 1 7
8 14 2
9 13 2
10 2 7
11 1 2
12 3 1
13 1 3
14 4 3
15 1 10
16 15 11
17 6 12
8
5 3
6 1
6 2
6 4
7 1
7 4
8 5
14 7
0 0 0 2 0 1 0 0
220434
8
4 5 5 6 2 2 4 9
13
17 14
WWWWWWWWWWWWWW
W____________W
WO__OOO___O__W
W__O__OO__O__W
W____OO___O__W
W________O___W
W_______OOO__W
W____________W
W_______OO_O_W
WO__O__O___O_W
W__O_O_____O_W
W_OOOOO____O_W
W_____O____O_W
W_____O____O_W
W_____O____O_W
W____________W
WWWWWWWWWWWWWW
2
0 2 2
1 15 5
18
0 1 4
2 1 5
4 12 3
5 3 2
6 1 7
7 1 6
8 14 3
9 13 3
10 2 7
12 3 1
14 4 2
15 1 9
16 15 10
17 5 12
18 6 12
19 5 10
20 6 11
21 7 12
8
5 3
6 1
6 2
6 4
7 1
7 4
8 5
14 7
0 0 0 2 0 1 0 1
13
17 14
WWWWWWWWWWWWWW
W____________W
WO__OOO___O__W
W__O__OO__O__W
W____OO___O__W
W________O___W
W_______OOO__W
W____________W
W_______OO_O_W
WO__O__O___O_W
W__O_O_____O_W
W_OOOOO____O_W
W_____O____O_W
W_____O____O_W
W_____O____O_W
W____________W
WWWWWWWWWWWWWW
2
0 2 2
1 15 5
18
0 1 4
2 1 5
4 12 3
5 3 2
6 1 7
7 1 6
8 14 3
9 13 3
10 2 7
12 3 1
14 4 2
15 1 9
16 15 10
17 5 12
18 6 12
19 5 10
20 6 11
21 7 12
8
5 3
6 1
6 2
6 4
7 1
7 4
8 5
14 7
0 0 0 2 0 1 0 1
